"Story","Title","Result","Date","Stability","Duration (s)"
"EUDI Wallet User Signs Document through QTSP with Explicit Consent","No Credential IDs enrolled for user in QTSP","FAILURE","2025-02-28T10:16:12.465555+02:00[Europe/Athens]","0.0","0.01"
"EUDI Wallet User Signs Document through QTSP with Explicit Consent","User selects preferred Credential ID (multiple options)","FAILURE","2025-02-28T10:16:12.48688+02:00[Europe/Athens]","0.0","0.01"
